5.1
    0    1    2    3    4    5    6    7    8    9    10    11    12    13    14    15    16    17    18    19    20    21    22 
E1       4341      1323 4344                     4199
                   6173                          9679
                                                 1989
E2  9679 4371 1989 1323 6173 4344                4199
E3  9679 4371      1323 6173 4344           1989 4199
E4  1989 4371      1323 6173 9679      4344      4199

5.2
         4341                                    6173        1989  1323  4199                                 9679  4344

5.3